
Cluster 1:
[[ 69  91]
 [ 70  77]
 [ 71  95]
 [ 71  75]
 [ 71  75]
 [ 72  71]
 [ 73  88]
 [ 73  73]
 [ 74  72]
 [ 75  93]
 [ 76  87]
 [ 77  97]
 [ 77  74]
 [ 78  90]
 [ 78  88]
 [ 78  76]
 [ 78  89]
 [ 78  78]
 [ 78  73]
 [ 79  83]
 [ 81  93]
 [ 85  75]
 [ 86  95]
 [ 87  63]
 [ 87  75]
 [ 87  92]
 [ 88  86]
 [ 88  69]
 [ 93  90]
 [ 97  86]
 [ 98  88]
 [ 99  97]
 [101  68]
 [103  85]
 [103  69]
 [113  91]
 [120  79]
 [126  74]
 [137  83]]

Cluster 2:
[[230  39]
 [233  97]
 [234  24]
 [238  68]
 [240  17]
 [248  85]
 [250  23]
 [255  69]
 [255   8]
 [256  91]
 [258  16]
 [260  79]
 [266  26]
 [267  75]
 [267  20]
 [268  95]
 [273  27]
 [275  63]
 [275  13]
 [275  75]
 [278  10]
 [288  92]
 [288  13]
 [292  86]
 [296  15]
 [297  69]
 [311  14]
 [313  90]
 [316  32]
 [325  86]]

Cluster 3:
[[ 70  29]
 [ 71  35]
 [ 71  11]
 [ 71   9]
 [ 72  34]
 [ 73   5]
 [ 73   7]
 [ 74  10]
 [ 75   5]
 [ 76  40]
 [ 77  12]
 [ 77  36]
 [ 78  22]
 [ 78  17]
 [ 78  20]
 [ 78  16]
 [ 78   1]
 [ 78   1]
 [ 79  35]
 [ 81   5]
 [ 85  26]
 [ 86  20]
 [ 87  27]
 [ 87  13]
 [ 87  10]
 [ 88  13]
 [ 88  15]
 [ 93  14]
 [ 97  32]
 [ 98  15]
 [ 99  39]
 [101  24]
 [103  17]
 [103  23]
 [113   8]
 [120  16]
 [126  28]
 [137  18]]

Cluster 4:
[[15 39]
 [15 81]
 [16  6]
 [16 77]
 [17 40]
 [17 76]
 [18  6]
 [18 94]
 [19  3]
 [19 72]
 [19 14]
 [19 99]
 [20 15]
 [20 77]
 [20 13]
 [20 79]
 [21 35]
 [21 66]
 [23 29]
 [23 98]
 [24 35]
 [24 73]
 [25  5]
 [25 73]
 [28 14]
 [28 82]
 [28 32]
 [28 61]
 [29 31]
 [29 87]
 [30  4]
 [30 73]
 [33  4]
 [33 92]
 [33 14]
 [33 81]
 [34 17]
 [34 73]
 [37 26]
 [37 75]
 [38 35]
 [38 92]
 [39 36]
 [39 61]
 [39 28]
 [39 65]
 [40 55]
 [40 47]
 [40 42]
 [40 42]
 [42 52]
 [42 60]
 [43 54]
 [43 60]
 [43 45]
 [43 41]
 [44 50]
 [44 46]
 [46 51]
 [46 46]
 [46 56]
 [46 55]
 [47 52]
 [47 59]
 [48 51]
 [48 59]
 [48 50]
 [48 48]
 [48 59]
 [48 47]
 [49 55]
 [49 42]
 [50 49]
 [50 56]
 [54 47]
 [54 54]
 [54 53]
 [54 48]
 [54 52]
 [54 42]
 [54 51]
 [54 55]
 [54 41]
 [54 44]
 [54 57]
 [54 46]
 [57 58]
 [57 55]
 [58 60]
 [58 46]
 [59 55]
 [59 41]
 [60 49]
 [60 40]
 [60 42]
 [60 52]
 [60 47]
 [60 50]
 [61 42]
 [61 49]
 [62 41]
 [62 48]
 [62 59]
 [62 55]
 [62 56]
 [62 42]
 [63 50]
 [63 46]
 [63 43]
 [63 48]
 [63 52]
 [63 54]
 [64 42]
 [64 46]
 [65 48]
 [65 50]
 [65 43]
 [65 59]
 [67 43]
 [67 57]
 [67 56]
 [67 40]
 [69 58]]

Cluster 5:
[[140  26]
 [141  75]
 [155  20]
 [157  95]
 [158  27]
 [160  63]
 [167  13]
 [177  75]
 [188  10]
 [189  92]
 [190  13]
 [192  86]
 [194  15]
 [194  69]
 [200  14]
 [201  90]
 [208  32]
 [213  86]
 [213  15]
 [222  88]]